H2O 0 53.87032303682485 -376.398518310632 -0.023329093001264928 1.3955184385849861e-06 
Na 0 -18.76707150353088 123.30662651359906 0.01108169497836279 -7.462274425051874e-07 
TiO 0 -15.64241598898433 96.10184359384088 0.007946087994709434 -2.465247064264986e-07 
H2 0 0.0 0.0 0.0 0.0 
H2S 0 11.030607866998555 -77.35680072813005 -0.0033467141550622866 1.568294862863695e-07 
K 0 -13.924684820170283 91.30723082399491 0.008308433315743626 -5.632874717775849e-07 
SiO 0 17.080294993183077 -137.27200317667973 -0.005142273913415544 4.753496227749565e-07 
Zn 0 -23.03593459434142 151.35668138744475 0.013601464485502236 -9.158660816410702e-07 
Al 0 -80.90505200211693 548.6090105521592 0.04018503795884047 -2.40266876971873e-06 
Fe 0 -99.68437262567778 680.6124829879551 0.04759770036907568 -2.7676372837959207e-06 
Ca 0 -40.71697627942946 270.11504506153983 0.022847981387872855 -1.4874783005325298e-06 
Mg 0 -29.27816945118973 192.93136092808172 0.017025751939472047 -1.1350414013122645e-06 
FeS 0 -83.70904625111513 567.988570245379 0.04220347800879985 -2.4798603135423036e-06 
KCl 0 52.960112031041334 -379.5906018301774 -0.020944249213959917 1.201565112296521e-06 
TiO2 0 63.41558889602131 -456.18077467776544 -0.026653221538386035 1.8350294226365804e-06 
SiO2 0 61.96641105747948 -445.83460422513093 -0.02503382812943565 1.6707456893527706e-06 
MgO 0 -10.240747010585972 62.22427358615693 0.008180357786404635 -5.884943874434612e-07 
HCl 0 20.518398204826468 -146.66190364517507 -0.008896378945250555 5.338125674825278e-07 
NaCl 0 44.79946816352593 -323.7531072655838 -0.01666217610408348 9.213698035637208e-07 
FeO 0 -63.19810271969911 426.90068198918567 0.03180880383666143 -1.8136121298084618e-06 
NH3 0 11.518065752821762 -67.96188013139466 -0.00497079433593889 2.906509593003648e-07 
MgSiO3(s) 2 -3832.625166036467 -1499.737174120289 0.15772756447412883 0.00010079742537882908 -1.587864062457811e-08 
Mg2SiO4(s) 2 -2342.2365297975016 -2137.6869782313097 0.2608110992942478 0.00011592551489769676 -1.3718363334191963e-08 
TiO2(s) 3 -76580.76717771031 23.447618221840067 0.00173877143803057 -1.353658468531381e-06 1.6633450172776065e-10 
SiO2(s) 3 -72882.88004203125 23.1396324088103 -0.0009587530987992799 -1.2523779161291437e-08 9.610090501155355e-12 
Fe(s) 3 -50100.68021861655 19.19826310001614 -0.000783699037394717 -2.0352985851280342e-07 4.036238010485249e-11 
FeS(s) 3 -57117.62590814053 25.21742519847157 -0.004515114201689776 6.182451467856565e-07 -2.3916868485684972e-11 
FeO(s) 3 -63526.34405175469 24.296536787390494 -0.0033464561042113768 4.3002022264478773e-07 -2.19770868170599e-11 
MgO(s) 3 -78724.2292329511 19.894638318083306 0.002138316700867041 -7.075169008658247e-07 5.525180313270539e-11 
TiO(s) 3 -71984.96406387202 24.7238420215004 -0.0009516530498848221 -4.2755360520150415e-07 6.962252996345342e-11 
NaCl(s) 3 -27926.701869570315 20.41264382063707 -0.0011325877583488351 -1.6498731896640723e-06 4.432294531397929e-10 
KCl(s) 3 -26767.072082927516 18.353113118116156 0.0029513996621641824 -4.793241150146191e-06 1.203780186642689e-09 
Al2O3(s) 5 -198281.80539193028 15.706758104509053 -59.2448954697218 -0.016458311160075498 2.318904730458371e-06 
Fe2O3(s) 5 -99507.74880011771 -0.5709924418406631 38.1099399810787 -0.0030051710151088925 7.815342881745124e-07 
H2O(s) 6 -0.010402874402366856 -1.327667574177981 -5.912052338026072 0.14058826025951837 -0.00011634524333142826 
Na2S(s) 2 -3699.172543400611 -310.11153395618663 -0.15381013369167382 0.00020138286674833972 -3.293280315119773e-08 
NH3(s) 8 10.53 -2161 -86594 
